1104060502
0206090408
1102100508
0507081104
0611100203
0308070204
0109040503
1011020805
0807030504
0108050709
1105030710
0608090110
0807050911
0511070804
0409080302
0405110810
1003091106
0701081110
0502011103
0105020311
0610090711
0611050703
0104031102
0402100906
0811040907
0402090110
0203110905
1009020503
0702040105
0102100803
0711080301
1008030705
0310050902
0209080510
1110070401
0208040906
1005040309
1007060504
1104010805
0510090302
1006090711
0310110102
0811021007
1011060508
0102041011
0104090806
0905060201
0602050307
0908041103
0907010803
0210030405
0307080110
0201061005
1002090506
0203100409
0903100806
0110020911
0604020501
1105070204
1101040807
0107030406
0704080210
0903020511
0403060805
0510030607
1103080104
0507080301
0401081006
0709060305
0211010807
0201100611
0102060708
0706010311
0805110703
0106031004
0908051001
0104090511
1105020706
0506021008
1108030106
0608070304
0602070408
0705030608
0306110802
0205090308
0403070111
0207090104
0905030408
0211090607
0503100611
0210071109
0210090611
0507010810
0507010403
0902010511
0902061011
0511090203
1110080509
0407031005
0406021108
1001110805
1003010204
0609100811
1108090401
0911070301
0711010802
0401030807
0209060405
0207041108
1009060801
0901110807
1007030409
0907050210
0907021110
0308040207
0607010308
0403080907
0507060104
0209030410
1007040501
0506100807
0705111003
0107080610
0507081003
0111040805
0201111007
0903010207
1102090510
0805100204
0210080706
0801030509
1011050203
0702080103
0904030110
0307010902
0611040207
0810010304
0706090210
0601100311
0104070211
0902010603
0311070610
0205071008
0302070504
0307111002
0807040301
1110010507
0603110407
0306110504
1103050410
0911021007
0611030110
0508090403
0802071009
0709030411
0610080307
0708091006
0907030811
0611031009
0706080209
0703010411
1104090602
0503070111
0102080907
0111090708
0311071006
0903020405
0309040705
1110070604
0402091106
0608070105
1008050611
0206100708
0506041003
1106080107
0611030810
0908020711
0111020705
0110020407
0811040603
0709041008
0406110107
1105060709
1101041002
0403050810
0607020905
0807011102
0110081109
0905110701
0602050904
0704110302
0408090602
1107010905
0111100805
0511020907
1101030706
0702090103
1002070601
0204050109
1102040605
0308021109
0904110601
0807030205
0402030601
0104050706
0105081104
0803110905
0806100401
1001050904
0407090608
0205100908
0803090110
0311050710
1006021103
0810070209
1102100907
0108100203
0301040205
0706030104
0111020607
0703050806
0902051003
0608010904
0203100809
1006050811
0210110307
0201060805
0209030605
1108020704
1103090806
0307091101
0510081104
0210110905
0810110102
0306070905
0409071005
0407050809
0906010207
1003020409
0110041105
1004110103
0508110907
0207110409
1110060304
0911100407
0711100603
1006010703
0703010405
0411060709
0711080302
0605080703
1008110204
0201050803
0510080401
0411080306
0908011103
1005070306
0804100103
0310110504
0108030210
0108031002
0111100207
0409050103
0903071004
0106110410
0511060407
0904071005
1104010308
0807060401
1107090310
0609031008
0510010208
0210110605
0211060710
0311091006
0807060509
0809010705
0703041006
0111020907
0701110210
1011020409
0203110608
0203111006
0211100109
0807090403
1104060501
0803050104
0810110703
0309070501
0306071102
0309011011
0601080409
0106090503
0801040203
0504081107
0208041003
1106080210
0506110702
0608041003
0301051007
0807100201
0305080901
1005020309
0507110906
0209060305
0304050911
0106070311
0806030205
0511040803
0605090301
0203061005
1003050809
1004070301
0906110508
0405060107
0501090402
0906031005
0907020604
0310110402
0608050103
0308090705
0907010510
1107061008
0106021103
0307060911
0104090205
0908100105
0410110903
0403110706
1011090604
0304080201
0603080901
0604030511
0810010307
1008110607
0307021101
0208010305
0508110703
0403070110
0103110807
0806030709
0807020310
0508091006
0207050109
0601110509
0508020310
0504020911
0903070110
1001070311
0501110702
0710090204
0408110603
1104050207
0701110906
0407090803
0201080504
0211090510
0511071004
0204100806
0507080204
0809061104
0206100401
0904060211
0603090705
0105041109
1003060401
0409020607
0402060301
0701030904
0910010706
0905010308
0706031105
0708030109
0801030609
0102110309
0708050901
0708100204
0609111005
0301020810
0405060911
1007080104
0805020304
0802070609
0509060210
1103080710
0311010806
1002070403
0102070903
1107010605
1103080902
1009060104
0109020711
0503071110
1009110803
0509070306
0403021105
0501020306
0910040805
0902050703
0102080610
0603101108
0209051011
0310010708
0711090301
0105091007
0502100904
0506041103
1103090508
0509040708
0308071004
0711030804
0601101109
0705061001
0807020610
1004090708
0509070304
0108031005
0804010610
0508030906
0901030811
0701090204
0301050804
0207080503
0103090507
0806020503
1108071003
0104080307
0908041106
1007110409
0310110506
0210070306
0903020401
0602080110
1003020107
0903061007
0102080511
0706100902
0601080207
1108090410
1007081105
0602070810
0203110709
0406090810
0611051004
0307051011
0309060110
0705081003
0609080111
0402050108
0502110408
1108020701
0104051110
0911040210
1008040511
0105090403
0108050406
0501090308
0305021007
0309100804
0801041106
0105031008
1005010611
0108051007
0209060301
0807050401
1011020403
1002061109
0605100902
0911060501
0904110701
0410070205
1008061104
1005060102
0504100308
0610090801
1006110307
0203110501
0109061103
0502080311
0501040208
0408101102
1006011105
0709080506
0602071103
0506010908
1002090708
0703040209
0310110207
0308110109
0711060110
0401070609
0203040711
0809021107
0807040106
1004030806
0906020708
0501090306
0705010603
0502040108
0605100204
0108060207
1108060902
0608100107
0802041101
0601030709
0910020311
1001050803
0904070802
0307100205
1103050604
1003090506
0610010708
1105100609
0304051008
1002081109
0209060710
0408060307
0705081103
0107080604
0104100506
1106030408
0207080111
1106040807
0902110608
0702080110
0311070208
0106090302
1005110604
0501070310
0107090408
0208110307
1006051108
0602091101
0304071002
0708090310
0301040609
0911100603
0805111004
0107051108
0106020805
0402110107
0711020804
0106070208
1101050604
1109070802
0405030108
0103020907
0611050807
1110080607
0911070408
0204050810
0206110410
0310011105
0310020908
1105081002
0203060705
1107100105
0908060307
0706100803
0311060810
0102091103
1007040809
0308090611
0605091002
0110110906
0206100503
0311100108
1008090311
0608021007
1001040311
0402081006
0310090206
1107051004
0104050607
0501091004
1006030804
0403090201
0207091103
0911030604
0501110903
0208040110
0210010807
0211090610
0301081106
0207010906
0905010704
0910060204
0207080403
1011060103
1002091108
0703011102
0908100502
1104050201
0910010208
0602110110
0109070602
0201090810
0804010609
0204091103
0503070908
0210090111
0608010503
0511030904
0204050701
0708090605
1001030911
0703080910
0311080405
0803040705
0908020106
0607030809
1001040602
0302110604
0411030205
0403110501
1105100807
0509030601
0306040209
0811100204
0508101101
0203040611
0608110705
0104050209
0601030902
0809020605
0803100702
0507090806
0309080110
0703090804
0402080311
0111030706
1108010705
0311040105
0911030806
0908070402
0203061110
0802050311
0110080702
1001070805
0210070805
0605071109
0906020510
0406020803
0302090411
0504070603
0506031002
0901060308
0405060910
0309050402
0502110604
0506010302
1106030901
0509040201
0208110506
1107090608
1005020401
0407110502
1109040608
0805010209
0408011009
0910020301
1103080210
0108040607
0308010410
0410070601
0908010305
0506011003
0410051108
1106030204
0403070906
0106110702
1009040307
0701060805
0306100804
0110110409
0805041003
0406010907
0710090401
0204110605
0406100308
0711010602
0305090701
0302060410
0509010307
1106071008
0602041005
0306080511
0411100507
0906040301
0508100602
0807030409
0201100904
0103110802
0802030907
0709050602
0203080907
0103050809
0601050708
0306051110
0504060910
0301080510
0204050906
0405020711
0302070806
0711061005
1002090106
0410071109
0201111009
0710060502
0509110802
0601100811
1107021001
0307090211
0805060410
0205070609
1109081007
0311020401
0307091001
0611080904
0906081007
0906070402
0601051102
0508041009
1003060901
0401030602
1004030502
0704101109
0807011110
1005040102
0702111004
0411060809
0306040109
1101050803
0304010805
0911020607
0605110104
0708030204
0902110805
0807091006
0809040705
0407021005
0901020807
0408061105
1011020703
0701100502
0609040211
0706020905
0209070111
1106050207
0701040311
0904060807
0308050910
0901020705
0902040811
1107090602
0602080403
1001110206
0306090204
0306100511
0108101107
0309081005
1005031102
0604051109
0506081001
0701080911
0903110702
0406110802
0104080305
0304110507
1001020903
0401051011
0904110807
0308050902
0208050604
1110090308
0309050611
0409061108
0309100104
0103090610
0309060507
0205060103
0511010609
0708110205
0411100506
0409100105
1110090503
0502100603
1005030602
0701080903
0605010807
0710060108
0610020701
0501040708
0108041107
0908110402
0207100905
0902080310
1110090703
0401100307
1003040611
0704060309
0804100911
0411020705
0511030907
0402030901
0207110804
0801070506
0507110110
1110090403
0405020301
0304060807
0906041011
1104010907
0711091001
1109030610
0711060301
0205080910
0502070811
0103080710
1003091102
0709110301
0403010708
0110040508
0903060205
0704030508
0305040209
0904031101
0411010206
0511040806
0408070603
0801100205
0311020904
0804010910
0503100609
0802061104
0804010209
0704061103
0603050102
0405010311
0601040309
0907110305
1104100702
0406050210
1008110401
0603080704
0104050810
0908010703
0103080409
0203090810
0605011109
1106070304
0901100506
0801040305
0908060711
1104060110
0309110508
0502030406
0511030610
1105040806
1006040105
0907041008
0106070511
0205041110
0710040502
1005090703
0504060211
0506010411
0411071003
0904101102
0504020710
1110050407
1105030807
0103070810
0509040802
0507060211
0507100108
1008050302
0106110802
0601100508
1103010410
1004050608
0504030108
0507060102
0806090110
0310110709
0810010509
0301081105
0507090406
1003081107
0509030701
0106100903
0311020601
0903110605
0810070903
0506090201
0608020103
0708100203
0301070910
0608070504
0511070204
0806111009
0211100304
0610080907
0609080311
0201110810
0306090201
0504090811
0607090201
0610041108
0509011108
0601090307
1104090108
0108100903
0710010603
0610050902
1008030207
0109080411
0509021107
0905101102
0901041106
0806070210
1009010204
0811060304
0406071105
0402090607
0704060105
0502040111
0405020308
0903040702
0610021109
1001040507
0409100605
0601020705
0711080503
1011050902
0807110601
0609040105
0302040906
0402110703
0104051102
0211060503
0710061101
0107080510
0407051002
0102080305
0609040207
0702090510
0704100201
0403100806
0511080703
0901100607
0302010807
0705110210
0906010407
0108070503
0111040803
1101081009
0711080306
0710030509
0911010208
0411100801
0509030201
0511070610
1105071003
1105040901
0604010805
0904010611
0307020804
1002070108
0708060911
1110080206
0310050209
1006050901
0407080603
0201070504
0207030408
0203011109
0102090410
0504101101
0609040210
0109070603
0405011011
0103070910
0205081101
0907050806
0301091104
0502081101
0805090711
0703110610
0807010302
0308100209
0504110906
0811010302
0309060201
0806010710
0804030510
0509010706
1107010510
0111081003
0203050604
0508100401
0611030410
0503070210
0507060804
0206110401
1002060311
0307040605
0104070609
0302050601
0611040110
0910050107
0507061002
0709020511
0310090405
0504071008
0602090104
0711011008
0206100903
1003080105
0708010209
0708101102
1008020911
0711041008
0408100509
1101030902
0604100905
0904070511
0206030504
0109111007
1002040307
0506010203
0308020904
0304020906
0301071008
0809040301
0809111001
0809070306
0204050809
0902040306
0508110906
1008110603
0308020509
1001050602
0809040111
0109081011
0709050610
0704080102
0110071103
0811100203
0608030509
0405090711
1011050601
0809030706
1007040308
0203110810
1008090107
0209010711
0604070302
0108110410
1103100504
1004030705
0210030511
1004030805
0109080511
0209040308
0506070409
0511100906
0511010208
0911100108
0507100104
1011030809
0203110610
0208090301
0309040706
0111060703
0207031008
0104060307
1001020608
0803100102
0810070104
1006041103
0705061110
0403011108
0711021001
0302010704
0509061104
0301090410
0309050106
0103111009
0403100211
1011070304
0509020601
0209110106
0508070901
0205090706
0504071108
0904070106
0206080405
1108011007
0401071108
0510110403
0406080905
0405010306
0705090310
0402100107
0804090702
0403110602
1011090208
0210050406
1109040203
0408031101
0911061004
0906020304
0104070205
0705040603
0701080610
0703080502
0403070901
0509010206
0301110207
0204081105
0706020509
1001070206
0102050907
0105030907
1011040306
0802090705
1110080705
0311090210
0811100106
0501091003
0106071005
0507020610
0910110304
0705020603
0406050311
0903100402
0610030809
0901111007
1005031108
0305040206
0904100806
0211050108
0507030104
1109010603
0207051101
0602100709
0308070906
0201080705
0109080406
0903080206
0302071105
0203090701
1103100802
0706080504
1006071102
0106110703
0204051009
0807110204
0203110604
0311010910
0810110307
1107010609
0401050607
0704081011
0501080904
0609110308
0206030509
0709051008
1002041107
0511060710
0105040702
0907101103
0601050802
0902080311
1101100608
0403060501
0608011104
0107020309
0305010904
0609010710
1009110705
0306020411
1006090103
0204100301
0705080301
0409100201
0805110401
0201100504
1002091104
0411060901
0708100901
0609070104
0610051101
0708010902
1110020406
1110020103
0401110507
0104051108
1102070509
1008060405
0510061107
0710010205
0803010507
0708041003
0607010311
0301110807
0506080307
0802051011
0908051003
0411060107
0407030811
0803021105
1004080602
0110020804
0803110709
0607100803
1106040210
0809100501
0702100609
0106040703
1107041003
0411080510
0205090701
0901040703
0501110403
0407060111
0510021103
0711010209
0302070601
1002090501
0810110603
0610070811
1108010304
1108050301
0208090311
0507090803
0103110704
0911050203
0409021105
0806110709
0610090104
0105071106
0801050911
0307101104
0305090206
0209070608
0902100301
1110050703
0503041007
0408111007
1003010402
0907110205
0806091101
0406080307
0111020603
0907021108
0411100102
1008030405
0105100403
0901071103
0304090510
0511010706
1003061104
0904100302
1005010804
0406080309
1102030709
0107050310
0704050201
0610110708
0711040506
0201070805
0311090508
0501081103
0802110406
1005081109
1006050409
1003091101
1009050203
1106080104
0608020311
0701110209
0307050109
0711060910
0703020504
1011060803
0111100706
0209100408
0510040106
0503011109
1106050910
0309070201
1110090104
1109010308
0102080706
1003090608
0905100407
0409061001
0110030804
1005060902
0801020507
0108070905
0906031108
0903020406
0109040608
0306010204
0510010406
1107030501
0207080306
0709061103
1108040701
0402050608
0308010409
0911070804
0208031101
0810040111
0605080711
0310010405
0311020104
0211060910
0406090801
1107080403
0405080301
0903061110
0209030106
0105081002
0710020903
0506030907
0410020506
1101030405
0506020310
0305010704
1101050706
0108060205
1109080104
0708010403
0507100608
0801071103
0306010504
0708010605
0107050208
1003080106
0207040510
0306050702
0601100903
0103110908
0804031005
0410090103
0210090411
1004110501
0304100508
0806020405
1004090307
0109020706
0105100207
0302010410
0910010607
0206010905
0706110109
0207030908
0903020704
1110090805
0802100503
0211050704
0703021008
0409080711
0908060511
0905021103
0804020603
0805100107
0903070105
0401021007
0204061107
1105061001
0706100405
0905080107
0701020603
0207100503
0207040805
0605020908
0304050210
0503080602
1004070105
0603071104
0311010907
0508060407
0410110206
0204060309
0108051004
0106070304
0910030804
0601031011
1007090405
0503080411
0305110801
1003020411
0704021011
0806010304
0109060508
1107060109
0107020503
0710050409
0811070205
0504081110
0906050811
0103040806
0807090602
0409110708
1011020406
0503010609
0204100611
0402080503
1003090408
0809071103
0511010602
0310040205
1109050810
0209061105
0811040607
0310080504
0203090610
0509020401
1110080304
0411080203
0405080609
0908100504
0203050809
0409080702
0401050610
0604090305
0703060211
1003110804
0908040310
0804050703
0506110301
0904010507
0210070603
0407030109
1107100401
1003060708
0802071110
1005070206
0208100904
0407090506
0311050207
0503100211
0906110704
1109050402
1011030508
0703011106
0209060711
0611040509
0611020701
0310060104
0704010810
0810060403
0511070110
0806091001
0611080503
0802060104
0110020706
0901080402
0801100206
1104070209
0702050801
0706010308
0903060402
0209050403
0203040806
0210090304
0610050409
0506030410
0306021104
0504030810
0506090210
0508101106
0108060209
0710080405
0409010503
0308110610
0611010502
0403070506
0504090701
0604070109
1007021108
1110020709
0405110603
0604030209
0510080711
0910080504
0804100605
0408030110
0601100205
0308050204
0211100306
0611040201
0511080402
0903051107
0208040601
0905010403
0603090501
1007060204
0902050701
0403101107
0511080702
0304021005
0703020104
0201091104
0810050403
0104080311
0802070903
0308090110
0806010907
0907100103
0911080601
1009040108
0102030611
0708010205
1108030702
0811010310
0706110908
0211100405
0305020910
0203070106
0509010810
0509080607
0607050809
0409011008
0504090703
0211050109
0110020906
0304010802
0110030509
0908030507
0403070208
0802050410
0206011011
0211010309
1105100407
0311010807
0607040310
0911030607
0507041002
0702040809
1102010708
0110080611
0904100811
0610110204
1008060907
0205061011
0403050702
0804011006
1007020903
0703040501
1005030804
0804010907
0201080509
0701020811
0203011110
0203040906
0804070901
0706010204
0510040108
0805110407
1104100103
0901100408
0603110805
0809020306
1104020510
0401080703
0402030805
0201090504
0703061104
0704020310
0611011002
0405110108
0801070510
0902110806
0409101106
0805090311
1107020508
1107060801
0201090811
0608010702
1110090803
0905081102
0502091008
1004060502
0904060207
0910040103
0502090701
0708040506
0402010705
1004110308
0211030109
0706080105
0904031002
0504080309
0405070801
0309010805
0805010302
0810060902
0704060311
1101030605
0401050310
0611030208
0308110102
0705030402
0411010502
0703100201
0105060711
0307050409
0405100911
1002031109
1011080902
0609101107
0901041103
0605021110
0704030806
1001040609
0908110605
0710080401
0601091007
0903070408
0405090703
0107040506
0804020301
0905011106
0802030911
0309070802
0109031004
0108100307
0807020504
0109100708
0110061109
0307060811
0609050301
0203080511
0501030704
0306040709
0111020405
1103060907
0407080502
1102050810
1006110208
0604070310
0607110501
1001110509
1004030608
0302040705
1104051001
0210070308
0602030501
0807050601
1005060201
0810051107
0711030506
0510070111
0510070406
0311080105
1008040307
0306040901
0504110901
0706051008
0205110403
1101070402
1106070402
0105060908
0104090510
0201100405
0711050109
0206071011
1102010805
1105100906
1103090201
1108100305
1106090507
0502110403
0308051011
1101100408
0410110107
1109080602
1101090408
0307090611
0602081101
0706010811
0903010805
0801031104
0903040510
1006080301
0502011104
0311090501
0103100804
0711060209
0408050709
0105020810
1102030604
1001020704
1002070103
0104111008
0809041006
0507010910
0908031106
0702030901
1009050803
0609040708
0102051110
0802050709
0804100306
0809110403
0102091008
0701090605
0508040302
0501021110
1007090608
0704030509
0208040609
0406110805
0704100605
1002071103
0805100903
1108100603
0411030208
1002030705
1003110208
0705060910
1006050203
1108100407
0405090107
1103070806
1011040709
0510020904
0709030605
0809031105
0307061004
1102071006
1110060305
0504010609
0109110702
0109100703
0810090401
0901071104
0106091102
0706040509
0807050309
0307010204
0907080311
0704020611
0609030208
0503070901
0702110405
0210080501
0802110307
0705100602
0708110104
0102110904
0406110108
0801090311
1004080107
0904080106
0307080405
0309110605
0605080204
1109070805
1009040807
0903100705
0911060203
1105030809
0208061011
0610090508
0610110705
0503060907
0105090604
0408100502
0603080204
0702011006
0702010905
0301080406
0106090511
0410070903
1110010805
0907020504
0705110110
0508060711
0103080211
0208070405
0308051104
0102100706
0209050703
1004050908
1004020111
0503100709
0805041109
0702080406
0611041008
0701080405
0802060409
1101100905
0701020411
1007080406
1104050603
0309011006
0208030410
0207100605
0304110205
0811040102
0205070801
1005030802
0503040611
0206090405
1105040807
0805070304
0811050203
0509061110
0504100109
0107090205
0209030105
0111081004
0509060110
0508100109
0910070602
0901060410
0111080702
0308100501
0408031102
0403070605
1003090607
0509110302
0106020709
0602010704
0509010803
0508060703
0907081102
0702061110
0310110602
0907050608
0710061105
0105070210
0306071011
0605040209
0401111006
0105080306
0402100708
0310070911
0302060411
0308111001
0911050208
0705100109
0106070504
1101060503
1006050703
0401050803
1104090810
1005110106
0406090710
0204050611
0103090804
0705100311
0605070108
0411070610
0706010502
0611100907
1007050902
0702110401
1108030401
0509071006
0805010904
0110021104
0706031102
1009050811
0705080204
0811050607
0607050210
1009050211
0306010209
0809010207
1106011004
1103060805
0901021105
0608030411
0703100209
1103010706
0802031110
0102100504
0411100105
0209060407
0605101102
0802050703
1006040111
1002080411
0802090703
0508030110
0410050702
0907040311
1004110502
0103020604
0509110106
0905040811
0701111002
0104051003
0311010508
1103060408
0402050703
0206080911
0911051008
0308070605
0609100402
0403050902
0601110310
0810020309
0701030409
1004110901
0911041007
1005030402
0809061011
0402110708
0311040708
0708090604
0806021005
1006020711
0105020608
0405070601
0802100605
0511070604
0907031002
1102050809
0711020801
1108020310
0901110608
0709030204
1008071104
0403070509
1106020807
0203090111
0705011109
1009081105
1105011002
1106070409
1110080306
0409080601
0710040302
0610090102
0506101104
0307100602
0602051110
0406071102
0102081109
0301070402
0311060908
0803070609
0804091002
0209100306
1007010409
0108101105
0104100509
0206080103
1001090611
0911020405
0208040309
0409050111
0605080407
0604110803
0702060104
1101060408
0711040105
1001060204
0602041101
0107030508
1002080901
0801110310
0401110608
0111060905
0601021103
0109030605
0902030611
0305011109
1109050703
0805021107
0510090106
1104100308
0201050403
0806020709
0507010206
0308110601
0403100611
0509061102
0110021109
0509110601
0308100702
0206050107
1103050709
0204101105
0702060401
0205040609
0906100702
0609080501
0308010902
0907100504
0905030804
0610010409
1004030206
1003110501
0105091108
0704090210
0501060804
0503021106
0703050209
1011060304
0307110510
1011010908
0809050702
0206110708
0809040703
0704010305
0210060405
0803110710
0608110710
0611010304
0805030107
0108030406
0206081003
0204050709
0704110602
0901051003
0106100211
0207110609
0103090611
1104011003
1009061107
0508110304
0201100703
0206090810
0901020508
1105070104
0502110110
0301020607
0809051002
0809020110
0310090801
0906080201
0309021006
1107010804
0709031005
0410010507
0205110904
1110020504
0107050611
0508090411
0308040102
0608090203
0206090811
0503060904
0208050911
0509100208
0610080903
0605040802
0501020908
0407021110
0701030506
0110020703
0510060211
0506100908
0805030209
0510030908
0304020510
0501090403
0502070308
0611030205
0410030102
0609050403
0502110609
0105090703
0407050302
0810050203
1009050406
0609101101
0806010302
1003061109
0405010210
1107020106
1107030208
0207100801
0801090704
0807050203
0709110105
1103080509
1004070201
0310011104
0811050302
0309110407
0501091002
0211090107
1104080501
0408060907
0709080406
0509060208
0410031106
1007020305
0706010503
0911040201
0705081001
0706040905
0809060411
0901070508
0905031004
0109050208
1109030607
0408021003
0103100907
0906030208
1104090801
0305040608
0410050811
0507080309
1108061001
0407100503
0410020709
0306070411
0709011006
1108010702
1001110605
0211011008
0503110810
0207060908
0902110508
0403090206
0902081003
1110060503
0907060504
0802110305
0105090602
0711010610
1103010810
0907040608
0204050607
0704090511
0608110501
0607090111
0308050602
0401080705
0506081102
0907110203
1007040108
0111080204
0509101108
0110060403
0103040611
0502071103
0306100208
0504010207
0108040710
0204070501
0709020611
0601090802
0703100609
0301110906
1005020304
0706080102
0901031005
1109070501
0901110605
0204060911
1004080201
0708040902
0108070502
1008110409
0711100409
0709100611
0210010506
1107020903
0307021008
0302100107
1104031009
0508060409
0910030208
0903060508
0905020406
0106090502
0102030809
0504010810
0602100111
0309020701
0601020304
0105060903
1004060803
0408050109
1105090206
0103050807
0710090608
0811090301
0811100403
0508011004
0208040111
0110020503
0207030501
1004060509
0803090402
0409070506
0408090301
0810110905
0811020907
1104060302
0205040103
0711100608
1006080105
0603090207
0307100209
0510030407
0511071001
0301041107
0610070105
1102040908
0304090701
0604020307
0302010406
0701100903
0608011110
1104060308
0311090701
0504070108
0103040609
1105030806
0803020109
0605020710
0308050607
0502090111
0407021008
0604091102
1008040109
0502080103
1001070408
0610030205
0206030109
0602050408
0501090703
0506021009
0806030507
1106080702
0706040902
0501020406
0311100209
0503090208
0511090307
0501040307
0308020907
0608011107
0407110309
0104080911
0908060207
1011030601
0109040811
0310010511
0611070508
0603081104
0711040108
1101070803
0903040610
0902070306
0102100307
0105090208
0608020705
1005070201
1103100608
0509100106
1110070502
0210050709
1006110405
0801110503
0806100109
0408110903
0503040710
0902041003
0706010810
0802060904
0911080410
1003010811
0905100703
0307090102
1003051106
0402031007
0907081004
0804110601
0910030801
0403060209
0711020610
1001110208
0102110304
0811010602
0302040501
0508090204
0105100807
0702040308
0106091003
0107040206
0705080109
0601050207
0508100702
1110090506
0203040508
1109040605
0701030905
0511020410
0701050608
0906070811
0204050801
0710090311
1008050906
1110050807
0305080206
0301090605
0304110907
0403020906
0609030502
0205071108
1110050801
0406030711
0603051002
0802040907
0705020108
0903080406
1109030701
1008050204
0607010402
0402050911
0211080705
0210030709
0107060411
0211060409
1006080402
0901041007
1109060504
0311060108
0907020805
0702100611
0604020510
0804100209
1105091006
0208010407
0702040301
0908051101
1101080206
0201080307
0801060203
0210110708
0506010408
0310060409
1002060501
0610030801
0809050704
0311100502
0910010406
0306110509
0709100506
0304050809
0806110901
0201081103
0302041107
0811020601
0106070810
0603110205
0708060403
0805020911
0401110806
0903080204
0801110610
1108030409
1007080902
0502081003
0405110910
1105030204
0609050311
0310050402
0604020305
0602010304
0209110703
0507110901
0906040110
0904110103
0510070203
0904031001
0810010203
0108020709
1106030104
0802090305
0307090402
0807061103
0902110305
0507101109
0503021101
0811060901
0402060711
0904050702
0507090208
0705110208
0601100807
0701050209
0309110801
1106041002
0804070911
0904030708
0607011009
0901080610
0701110604
0806110402
1008090401
0304091011
0803091105
0406070501
0308021105
1004081102
0507030901
0811010906
0609021108
0604020310
0409050206
0107020611
0910070502
1103100806
0906021107
0307100405
0306101109
0601110203
0703061004
0708060305
0310040201
0207050411
0403060802
0904070103
0502060110
0301100904
0502040607
0507021004
0907011108
1006110904
1106040110
0703010802
0604090710
0502031101
0102050908
0403080105
0203060105
0806110509
1006110501
0810060703
1011080104
0602010508
0308040901
0908110107
0306050210
0903110102
1006020511
0907050110
0301111002
0708030910
0211050306
0405030901
0307040608
0111030910
1107031004
0905020806
1109020506
1107050810
0908110301
0204030110
0302100409
0810030106
0208061001
0208090705
0708020111
0504030610
0608071009
0602010711
0405060309
1011080105
0304050206
0210110504
0601020807
0205010304
0204030905
0207030801
0801040611
1105011009
0904050701
0210090503
0204080503
0806110710
1003060704
0805030110
0611080703
0806011110
0802060903
0306010408
0403051106
0507090203
0305020407
0511090701
0503061007
1001020411
0704080209
0703091005
0906030205
0611040102
0709040206
0310080109
0107030905
1109040106
1106080103
0504010208
0503020710
0403050207
0602010307
0910110802
1106020508
0908020611
0302050907
0406031109
1108010403
0510030902
0411030706
0104070805
0501070309
0704030510
0408050609
0306110408
0902050401
0105100206
0401021009
0703080610
0805010203
1007080501
0206031001
0409071106
0311090806
0405060811
0110060703
0901040307
0105091103
0607051003
1006041109
1110010304
0711080309
0704110908
0506030910
0107051003
1102061007
0411020507
0609010211
0102040511
0502040109
0702100403
1008040105
0110090804
0708010903
1108070502
0409060103
0102061005
0409111001
0402010311
0106081109
0801050903
0803050204
0911030610
1009110804
0102050803
0809071002
0701090511
0508100603
1109080310
0903100205
0407081103
0704090508
0711090608
1103090204
0805110109
0107080206
0103041107
0506030108
0908030501
0905040602
0509080702
0409010705
1008110206
0506070209
1107010509
0308100406
0206050307
0411020108
0609020104
1102070403
0302110708
0311100901
0810030104
0309050608
0801070203
0607110210
1102010410
0407021101
0811070102
0804020509
0609070302
0108100206
0401080710
0803070209
0901040706
0309100206
1104070308
0210040807
0902080411
1109051004
0701080409
0206031110
1008050709
0103050408
1103091002
1004010905
0902040601
0906020508
0610040903
0710010902
0906050308
0908030605
0411081001
0703080905
0805040309
0702060911
0311040901
0901051004
0511061009
0902010405
0901061011
0407081101
1103100901
0807050209
1005070901
0908070210
1008050411
0807040110
0108071103
0801051003
0210030604
0711060801
0509020301
0804071105
0711080602
0902110401
0307100805
1009020701
0108091004
0906050411
1006050902
0602110507
1108060203
0211040109
0701061104
0708110903
1005080706
0311021006
1107100602
0306110508
0807050102
0805110903
0108030907
1110040106
0210090701
0804021101
0204030708
1001050209
0503060911
0710040501
0905030810
0109031102
0207100511
0702011005
1011040309
0401050811
1102050804
0307040109
0706010402
0302060804
1011060108
1003040205
0209061001
0501020809
1001020503
0205090401
0702090811
0608050307
0603050709
0510060203
0805021001
0610010311
0511041002
0706011105
0806020111
0609020701
0110060804
0506080210
0703080504
0409030510
0402111005
1108060901
0109040510
0604091108
1008090307
1109080307
0904080110
0302090604
0604090501
0207080911
0106080205
0106080703
0607020405
0411090307
1105010710
0204010709
0509060203
0311090704
0605041107
1004010207
0710030809
0103060805
0407010508
1109100403
0509031007
0105031107
1102080906
1009070406
1105040109
0711060203
0708060309
1007050402
1101070906
0605100403
1006090504
1002070111
0105071004
0110070906
0511060403
0911020103
0602090507
0401030705
0501101108
0309100711
0506090208
0311020409
0103061110
0903080411
0208100305
0802051104
0208030601
0603080907
0809050604
0803010905
1005090302
0811050706
0107040302
0405070111
0701110809
0802110106
0302070904
0109070411
0201060703
0102110510
0104021105
0911020408
0403110510
0704080301
0209080401
1106100103
0811100601
0709031102
0502060108
1001020604
0109071105
0406070211
0701060905
1102090307
0804110210
0104080706
0103111002
0601080209
0203100908
0801110305
1106070110
0506100311
0911070610
1001040503
0308041106
0503090601
0304081001
0911020104
0307060504
0803021007
0602110908
0407110810
0301080602
0107040510
0406110709
0201080906
0105020803
0403060907
1006110701
0902110410
1105020701
0203040701
0507060409
0503080204
0111040602
0504020607
0610021105
0903011011
1105010409
0402050103
0710040203
0604070308
0605090203
0503091007
0310080705
0209071103
0203010807
0903100201
1005080304
0211030408
0410080501
0302051007
0509070108
0910010206
0206010504
1009010602
0301040907
0611020105
0711010406
0211040706
1007050301
0805100902
1109050410
0205041007
1105060908
0803110601
0602040511
0902061105
0105110908
0108100709
0905060810
0607021003
0211041001
0206100104
0905060402
0608031001
0309010510
0309080601
0504080210
1109070804
0903100104
0508070611
0102050307
0705040209
0204111007
0806041009
0206050711
0103100502
0401071011
1002030409
0107050409
0611080210
1011010502
1109080102
1001110307
0902110801
0507061103
0210060408
0903020108
1104100106
0810031105
1104071009
0602091004